2.783054931032884483e+01 3.168656698625317958e+01 1.446994904117534588e+02
4.884195307631021166e+00 2.260841773348754487e+02 1.468693065984222983e+02
8.776502894108737962e+01 -4.461605151828332794e+01 2.505235943391572206e+01
3.086390481691053722e+01 -5.918834662067559549e+01 9.523000912965795806e+01
-2.048762363360727790e+01 2.119960278521149633e+02 6.712723602227009678e+01
3.258854023693379531e+01 7.077240297275591274e+01 3.377220432682451019e+02
8.230703411608509157e+01 -2.168164458766399250e+01 3.563930967269788539e+02
8.678436628385726692e+01 2.085066727583157444e+02 6.043995317122841726e+01
6.041652540626711243e+01 1.778510408467109585e+02 3.096741585551176854e+02
7.017482269909419301e+01 1.485875659460266718e+02 1.412207856389293283e+02
3.314139708377804538e+01 -8.888859511865264906e+00 1.713909858776883866e+01
4.126564494376246017e+01 4.332697933564255521e+01 3.087571196404617808e+02
4.785713923525118219e+01 1.970467126652393404e+02 6.927068697127783992e+01
-4.912362381786550003e+01 4.655131478542821100e+01 2.560254802706620012e+02
-7.369576954940875169e+01 2.096321334528640534e+02 2.833702509712720641e+01
-5.681804566648602339e+00 1.979673387922462950e+02 8.447732035519824478e+01
-1.148597839552921229e+01 1.955381850587729673e+02 2.760659251475787528e+02
5.826986595146225056e+01 2.367801064010397738e+02 7.349338393717866325e+01
-4.449212297150949347e+00 1.253944856909692618e+02 3.195411877316490177e+02
-2.589244497663164424e+01 -3.824852844736759749e+01 2.111132733105175703e+02
-4.371977630138180615e+01 2.050961422741710294e+02 4.064547596590944778e+01
-4.512265901871811025e+01 -3.423294876369791950e+01 9.064842977585523442e+01
-3.867987213732283180e+01 1.309709354548019746e+02 2.294910591956752342e+02
4.516725245270810518e+01 1.007283031924391281e+01 1.071218381010577758e+02
1.471529466426347454e+01 -6.385339078796315704e+01 1.939986195772652025e+02
-6.612207512477303339e+01 -2.208054584332900916e+01 2.774195277730644307e+02
-6.772903945011433890e+00 1.267535413809050127e+01 9.891879698354826189e+01
8.081816455058129733e+00 1.303113231296249523e+02 2.769431819276291549e+02
-3.707493292274607555e+00 1.996504645007757972e+02 4.878324266613902616e+00
2.284249932513635173e+01 2.039537764356533600e+01 1.834700695379203594e+01
8.945965882683530879e+00 1.310814904615029945e+02 1.163414433985725935e+02
6.496025692738156465e+01 -2.073282873055918429e+01 3.561898248203860362e+02
4.866420712431258266e+01 1.782680277861971092e+02 3.521384197235106512e+02
-5.950169226307032488e+01 4.471681540916132747e+01 3.151688097701960487e+02
2.653456915578706088e+01 1.349616259196230885e+02 2.157120887274469396e+02
2.587304945259739641e-01 1.978035561167753826e+02 3.437403327742189845e+02
4.279393359580969758e+01 2.568092127354091190e+02 9.607623402275693536e+01
-5.450202225675178624e+01 1.349757099366993707e+01 7.662696999057505565e-01
5.375706476291413338e+01 2.314156598856554581e+02 1.829103067393021433e+02
-2.730423827005790827e+01 1.725125122478934969e+01 5.593817122093962979e+01
-2.955153339759862163e+01 1.732482547768180225e+01 2.602637899226891705e+02
-4.354575057331418009e+01 2.244059086472924776e+02 2.848801325942868630e+02
-5.849609722968477143e+01 2.063049364991286438e+02 1.570628891338512290e+02
7.994800043603289907e+01 7.265642535333789453e-01 3.478668053492797867e+02
6.216460712983888470e+00 1.738765613345542533e+02 3.262298457165443324e+02
5.960045710024436971e+01 -7.314981696426215763e+01 1.450499565907625197e+02
4.208062470058012394e+01 5.968469691084344220e+01 3.570030566901037332e+02
-1.361781537439817491e+01 3.499815712326000749e+01 2.673853961936597443e+02
1.957910566859065327e+01 -3.348862160607414040e+01 5.935500746733131905e+01
4.158548772469445964e+01 -6.066597757791164724e+01 1.387202943763174403e+02
8.196938027964289120e+01 -2.631425181812933545e+01 1.536869420269460420e+02
-2.911890241571405191e+00 8.085432436742738105e+01 2.445016293207870319e+02
-6.525294641519059269e+01 -5.057690353379529213e-01 2.027960231332457113e+02
-2.207369559059287312e+01 2.196857861233371523e+02 6.443483727597104860e+01
-2.264300409780353718e+01 -1.169235330887358515e+01 1.989022485029403242e+02
-2.305524151333796468e+01 -3.041825567219118653e+01 2.776657856031895335e+02
-7.604065766129514259e+01 2.898965323230910940e+01 3.066329334448233794e+02
-3.129038722594338040e+01 6.229563602819768420e+01 1.844483248820152426e+02
-6.741116029835794166e+01 6.617091631538548313e+01 2.663109173851230480e+02
-8.901039505869508162e+01 1.935267891144910948e+02 1.285045342306614202e+01
8.317689520425675553e+00 1.985385945641533567e+01 1.421596977705853533e+02
1.883753307327443594e+01 1.251800134020946871e+02 2.397107881791116313e+02
2.057932834759854046e+01 1.465983630171709535e+02 2.358319847354303818e+02
1.354934762136765558e+00 3.223453584398736638e+01 1.266605458881291391e+01
3.942472378298259628e+01 2.219595216108923807e+01 6.012138651971314118e+01
-6.091744969714904556e+01 1.996196212707465918e+02 4.290193825270220884e+01
2.287505671301001797e+01 5.224205312393276301e+01 3.206001215628016325e+02
3.769355940963897211e+01 1.417023589533339134e+02 3.754435295678867135e+01
-2.808280144588587035e+01 -3.443362211565402475e+01 5.250426619820299834e+01
7.936273026856764545e+01 1.549908872401624649e+02 2.913692140772433845e+02
3.155668698861369847e+01 1.570119730356225034e+02 2.243612421913436492e+02
3.751222972923183185e+00 -4.727091813271617582e+01 5.759310976147411054e+01
7.068129542271233845e+01 2.166886343324556208e+02 3.054945807568304872e+02
1.225141928352664245e+01 4.767844971288242562e+01 1.167086092965332398e+02
2.195658820700372615e+01 2.204493228264470872e+02 3.431790436496769985e+02
-1.669239299412423705e+01 1.148883879429552763e+02 6.470201409952848337e+01
1.009589693908008812e+01 5.134682713928234676e+01 1.784165755934128299e+02
-3.890198674863226813e+01 2.291785096609340542e+02 1.049866657696903900e+02
7.204225994470708372e+01 4.264320688647853075e+01 3.230687243433839058e+02
-8.938159961032505407e+01 1.379814081259397653e+02 1.996467080849250522e+02
-1.114254264526747207e+01 1.808254546335408577e+02 2.118021913570919139e+02
-2.631633808158048282e+01 2.223815619925592557e+02 1.236379861783811123e+02
-6.781603653187706016e+01 1.121509496943331357e+02 4.763238163554134275e+01
5.244156010621697561e+01 1.769152751145521165e+02 1.242616202498214619e+02
-7.540807012505449336e+01 -6.889415983910585339e+01 3.492010287462267115e+02
-6.499063069919078828e+01 -1.941879812055000798e+01 3.245892027537456102e+02
-7.907386468891075992e+01 -2.743711729363772989e+01 4.303718149009328187e+01
3.206055825330417264e+01 2.087457070726591155e+02 2.711565156643013665e+02
-1.390050248376347275e+00 -6.039982012192501415e+00 1.781831674581318907e+02
1.391185693702277604e+01 6.609653382983694314e+01 3.293470316590812104e+02
-1.702921780247083561e+01 2.367733249864658660e+02 3.289446890720166152e+02
6.049153981441627792e+01 2.149298993959221349e+01 2.236203126986887213e+01
8.239367820470630477e+01 2.259698641295847779e+02 7.300233553562816269e+01
-5.191277343297733182e+01 1.167714734610682541e+02 1.788538951588913903e+02
3.788401252983159395e+01 2.113492200697463375e+02 2.076349805645849358e+02
-7.078969010539226758e+01 -5.714367747965684430e+01 1.617241478018854650e+02
8.796828726343005656e+01 2.184840412724844896e+02 3.332775049665846723e+02
-5.394751117821308384e+01 1.750773946134236780e+02 3.333421268245804185e+02
2.822529180413279803e+01 1.730487807038543053e+02 3.532467400077336492e+02
5.821404395480148253e+01 -7.057985534389710658e+00 2.644189007303706944e+02
1.489146320820347924e+00 2.025323711971272189e+01 2.612079477203737383e+02
5.978508009321173944e+01 1.503830916012582861e+02 2.648969323322118044e+02
-8.207668919414503250e+01 -4.774836292849078490e+01 3.729876180021944521e+01
-3.265385091623992508e+01 -7.156200656004017446e+01 2.119926377664008044e+01
-3.207404727080893991e+01 1.809312639471116597e+02 1.116141214714786258e+02
-5.179006971171470752e+01 2.196205163270799403e+02 1.377206973330153801e+02
4.864556116741259473e+01 1.604666061309497422e+02 1.898209297239609725e+02
-6.490037748213188706e+01 1.287323526156516493e+02 9.464021899065778598e+01
2.198151662776941606e+01 2.049470547433720640e+02 5.295908825164497102e+01
2.307935085830945710e+01 1.646650965877061310e+02 1.103367567111757381e+02
-4.887423774020358280e+01 1.947929451663416103e+02 2.634801267501984512e+02
2.167196896809429063e+01 2.425237484222556006e+01 2.644276762676866497e+02
-1.109516265716505856e+00 -5.413619974325334283e+01 3.047331775326214256e+02
-8.476784731442747045e+01 -4.344458187228610768e+01 5.155451336191354983e+01
-7.803143974709114161e+01 2.149265241928295040e+02 2.598009394483205270e+01
-2.933541683747322537e+01 -5.968692416790062794e+01 3.580156284738840782e+02
8.132332280061284280e+01 3.370356605967975128e+01 1.578237693589609876e+02
-2.845565287326505910e+01 2.366043645116356231e+02 3.094767041272790493e+02
-6.962499077849435025e+01 1.812170756319728468e+02 2.609622746633998531e+02
7.694888793364891910e+01 1.449370943319303819e+02 1.966663645208962521e+02
-8.365913418175652794e+01 -3.733619711851702050e+01 6.522221385085713052e+01
-3.650445449535887832e+01 1.609326655970146476e+02 1.368553799865482574e+02
4.482795385242889097e+01 -5.080715526602238441e+01 2.444405610481837812e+02
-1.916272618379675308e+01 -2.502644395088199403e+01 2.697778618825781791e+02
-5.183348140064514809e+01 6.911075697816294827e+00 4.144052926591315611e+01
6.830513289520313558e-01 1.365067213042731282e+02 8.701854222795688543e+01
-8.813457678601041323e+01 4.523713789528353146e+01 3.328798368607977523e+02
-8.761818254632113678e+01 1.959626325964272269e+02 1.717062550946285171e+02
-6.489939759457170965e+01 2.314755215088123350e+02 3.304838598267778593e+02
6.069113987216144324e+01 6.454922798609565859e+01 7.128449966631117718e+01
-1.975920364700472120e+01 1.791498395985548697e+01 3.162610769256029926e+02
-4.269830085275533804e+01 -5.086808982211681496e+01 1.555365277906939809e+02
-7.881355796794738922e+01 -7.173802477092712593e+01 1.531753151604250149e+02
-8.150081341305460114e+01 3.162979912709311847e+01 5.349696108429288444e+01
-6.645123518422890641e+01 1.993509453166534513e+02 3.408635627321716584e+02
5.845072613793425376e+01 -1.911659325170462154e+01 7.216975393679599904e+01
7.184994932210595664e+01 -7.072094526770084144e+01 3.253035945428960645e+02
-1.949002014971851882e+00 2.180913919062291484e+02 3.350565004213598854e+02
6.825049497318569536e+01 3.601625895393775068e+01 1.828040066449659307e+01
-8.178240868336797575e+01 1.209601111780323777e+02 1.233350651045953157e+02
-1.225927307755381435e+01 -1.049379149292546209e+01 1.872861506434474563e+02
4.798542065493906250e+01 -5.195387205002111131e+01 2.521258029997690073e+02
-4.960732657300050619e+01 1.785156013211174297e+02 9.540843574473070987e+01
3.593226578860926423e+01 -4.360996208591098622e+01 2.089696059920183870e+02
5.891281464745892293e+01 1.630989983655148308e+02 8.299652030886575105e+00
-3.031911147846933829e+01 2.105002824627063660e+02 9.155829215939944277e+01
-2.795275115801546306e+00 3.681605085567472457e+01 2.498914186979349665e+02
6.329863436364224327e+01 2.172663620105261373e+02 3.168192336581089990e+02
2.085676599121549302e+01 2.033990646863690088e+01 2.257391682169431704e+02
3.684149071849212476e+01 1.068984961355662335e+02 1.624335694228753368e+02
-8.227277560862713557e+00 1.864220461695709616e+02 9.955874616635995267e+01
5.558078075927436146e+01 3.975883275262229688e+01 2.817999207589940625e+02
1.674905353036240996e+01 6.224285489484790901e+01 3.088803425435195322e+02
1.538268173342201284e-01 4.884354117176633814e+00 2.258055875948906248e+02
-2.428985310451753321e+01 6.381904287210878124e+01 4.639886891898033383e+01
-8.099064347905208194e+01 1.133131810844071623e+02 3.432077874146152112e+02
5.241196050896802916e+01 1.865799837991043546e+02 2.358169362424685005e+02
-2.856167318036366254e+01 5.405090392872367744e+01 1.168168866097284422e+02
-7.313372092906561761e+01 1.986441364915351357e+02 5.680821272616618245e+01
6.304637322069653038e+01 3.824877975350277381e+01 3.012858233892321209e+02
6.043738880156534776e+01 -4.513268998524957709e+01 3.534200159802337566e+02
5.239782771019141450e+01 1.859563478465997477e+01 1.546883883518630398e+02
-3.506748671181127719e+01 2.253998686829010296e+02 1.309816497453276725e+02
-1.085839183528220531e+01 2.167760785506563366e+02 4.261243631686042477e+00
-6.006158861319927489e+00 2.452415510642059928e+02 2.612747476360564178e+02
1.791929366093695464e+01 -3.180467600847376630e+01 1.351234135546762616e+02
-8.939445622674188030e+01 -2.103888307112521261e+01 3.195105497201127491e+02
4.545518964674408835e+01 1.077709367087348369e+02 3.102647804360263990e+02
6.368192142068267003e+01 2.317313662206563549e+02 2.664826106906000547e+01
2.072761316249960473e+01 1.440313695863245869e+00 3.355584066370423670e+02
-4.524372524030665232e+01 1.314725606387640084e+02 2.017158927016431562e+02
-4.452993071033139216e+01 1.683572049953464216e+02 3.255880553950660214e+02
8.420978177047457791e+01 1.700089152938667212e+02 1.672298685737682149e+02
-3.836448158532484598e+01 -1.709346827384441880e+01 1.745120925977535649e+02
7.907221224183588504e+01 1.625070728119836190e+02 5.312366264202783128e+01
-6.035613407480886394e+01 1.568806892379309375e+02 6.052267299571560244e+01
-7.752648458147919541e+01 2.237508056306210449e+02 2.415763805386660579e+02
-1.146895520092172305e+01 1.667426884261759596e+02 1.840584306415201183e+02
-2.217530013022512403e+00 1.512518833337817910e+02 3.315344595360035100e+02
-2.357427792839482095e+01 1.222950656966399521e+02 5.011773509362779322e+01
4.239403746638071624e+01 1.919201348332721579e+02 2.689996465090848119e+02
1.816138302974869845e+01 2.119425469863330704e+02 6.507626110068046899e+01
-3.342271318074893749e+00 1.370598331353627941e+02 4.827352714358288388e+00
-4.890826720317517307e+00 2.487748989324079787e+02 1.579540718480268140e+02
4.468977280376274308e+01 2.649159955509344400e+01 2.711817939969517965e+02
-1.182498804258493230e+01 2.459592970197406601e+02 9.265563659337250613e+01
7.383854783029100588e+01 -4.164399509973512181e+01 6.182210377420328484e+01
-8.337133570287610951e+01 1.513463093533053971e+01 3.987057317142520674e+01
-4.169933314149380976e+01 -4.218304343608434692e+01 1.556053600905082703e+02
3.178865406924021286e+01 1.357052442909067906e+02 3.521349171927618045e+02
-5.226587401763262619e+01 1.924835731254340487e+02 5.786708575509403119e+01
-3.691686648454930264e+01 -4.454215081299730628e+01 6.493448741712791161e+01
5.312718248289846201e+01 -2.222657667611096244e+01 2.374683619588139152e+02
1.897718863219697072e+00 -9.897020058546059929e+00 2.524898611496849554e+01
-4.780497708789254574e+01 3.054440090163527088e+01 1.988698289131922081e+02
-3.631288768137773104e+01 1.400500359678346456e+02 2.652088775988873408e+02
8.167018600237281589e+01 1.874269174288776867e+02 1.619395592320106516e+02
1.308069844669294746e+01 4.659516817011892442e+01 2.349813969799909898e+02
-8.033862103708463565e+01 1.909887170393508882e+02 2.864753793909613364e+02
8.706862476852695210e+00 2.271842443031668779e+02 2.608219792184715757e+01
3.341276480118556691e+01 8.934618140017787979e+00 7.856857930844505233e+01
-7.061808902017348544e+01 1.097497247642215257e+01 2.087079124007125870e+02
4.825630091371982644e+01 1.921629520256448416e+02 1.556467047534549124e+02
1.815246619439354703e+01 -3.663967949415357594e+01 2.037709764245490476e+02
-3.634057834434686107e+00 2.044581947553751036e+02 2.987156427600089614e+02
2.260733600922226216e+01 -6.256256572547921024e+01 1.784564790974486073e+02
-7.522263638874765945e+01 -4.039176367073459772e+01 2.500700847312952249e+02
1.661276219736920368e+01 -4.308409092736540913e+01 1.387332363347669428e+01
-1.470334117301229249e+01 1.865548190918168245e+02 2.732195539704845260e+02
-6.419619856021022919e+00 1.891791465541701314e+02 3.221749436259658523e+02
1.891029144050694555e+01 1.721562061249525470e+02 1.975933741239462051e+02
-1.139321168800898931e+01 -3.568163572112678850e+01 2.663817873844523092e+02
6.444766191683548584e+01 -3.965363833294219376e+01 2.851494097103189915e+02
8.626522104649362177e+01 1.989988187552993892e+01 7.605769152439088998e+01
4.456357422933194101e+01 7.895189455817309465e+00 7.366896142623218680e+01
-8.876923872788985648e+01 1.809588204167275762e+02 3.175610742561689221e+02
5.597295166615725748e+01 2.024174771420357217e+02 3.418231858889303112e+02
-8.936934420000689272e+01 1.973633513068830325e+02 3.578117981342110170e+02
-3.116142173698285589e+01 1.898688833921159471e+02 2.455885445265989802e+02
-5.166197339180448012e+01 -3.888339971495535252e+01 2.888115291703459775e+02
5.200699592289694095e+01 2.337837636246905504e+02 2.485452301378848574e+02
6.002887869358945494e+01 -2.274989857417960692e+01 4.247802162739050402e+01
7.154866314434818264e+01 1.073689916492989624e+02 1.966198590411090379e+02
6.790546309549181103e+01 -1.148804447828338837e+01 1.937279271056710002e+02
-6.083227343458250402e+01 5.533255585853938641e+01 2.009193698751608679e+02
-7.796717324451013553e+01 2.398201567004483081e+02 1.659926601238541650e+02
-7.937237646789377266e+01 1.044865461175911321e+02 1.641959597440390155e+02
1.148368573258757230e+01 1.879767772221751159e+02 2.741322186701315786e+02
1.803303310058069209e-01 -9.684893052021033455e+00 2.714079249539830698e+02
-6.150599189051900950e+00 2.145651993087136589e+01 2.539530194922636497e+02
4.011939458209061371e+01 -2.841665204540808176e+00 2.094876926067940133e+02
-3.377377428725654340e+01 1.926823761818538969e+02 3.088563665732196455e+02
1.215031492510336975e+01 1.856511765048324492e+02 2.613926781101094932e+01
-7.407890215903412923e+01 -5.600391235603100171e+01 3.353673764532650807e+02
7.252068045199391122e+01 -6.211376637251280641e+01 4.261047122984615498e+01
-4.986118669790594282e+01 2.963402505244558682e+01 2.040808337833661312e+02
-7.122175033027737356e+01 1.443854695863659003e+02 2.204723433971365694e+02
6.498378211344743249e+01 -9.062599094565891855e-01 2.638257976475957776e+02
7.532257541759123853e+01 4.236986536385091995e+01 5.076468594988336491e+01
8.643086054791460526e+01 1.332676331914610728e+02 1.777204633925870780e+02
-6.999180046202413052e+01 3.409826579970238924e+01 2.333771362058309649e+02
-6.951038637993265468e+01 -4.559395988936537414e+00 1.590653730897008415e+02
-4.947023587719984405e+00 -5.622113703283040564e+01 8.973029896090503144e+01
-3.725387035267485203e+01 -3.598308365493612371e+01 6.266628376582993809e+01
7.989967336643287865e+01 -6.424660097476075293e+01 1.400037804648830431e+00
-8.775636107384131890e+01 -7.772531128904541120e+00 2.415768125133961917e+02
-7.160860322680628087e+01 -2.686857331806219662e+01 2.929779905713596690e+02
-4.516262041721369691e+00 3.678854709165337056e+01 1.563900851234135132e+02
-4.188414650230826908e+01 -2.340296467246353274e+01 7.208379357546623112e+01
-2.377814819989797357e+01 2.708556013502442639e+01 2.136930533856166790e+02
-5.561619506735173957e+01 2.130672003957693406e+01 2.235270575992377360e+02
2.440530341294843453e+01 2.287366096795832391e+02 2.863349810811276370e+02
-6.812208897032606103e+01 1.208507426912346006e+02 1.687316841669443477e+02
2.187321084360554124e+01 1.625407731326771170e+02 2.524858643985810431e+02
5.649383340331272052e+01 2.103882979250234655e+02 3.315380447911661577e+02
-8.947433779879264648e+01 -5.097074668100006534e+01 1.495357593472731423e+02
-8.006365186258378230e+01 2.013440700834699726e+02 3.349850919474766329e+02
5.424846257904729896e+01 5.700327971144898953e+01 4.797506048457309547e+00
-2.553857710636918910e+01 8.965870177568195487e+00 6.984736418013575587e+01
-2.133876218964725169e+01 -6.272519607985518775e+01 2.820331934942998942e+02
-8.347336066272448818e+01 -1.503380498913347374e+01 3.374994323928216886e+02
-6.548851632862981997e-01 2.310066072132563590e+02 2.243468898541952399e+02
-5.926891254013531807e+01 2.032121372199284082e+01 7.528129199015451434e+01
4.865895543051201599e+01 2.276202671261344506e+02 3.449264317344591859e+02
-7.105683296058417397e+01 -8.249417779669568063e+01 1.999852388899362836e+02
2.356375750258386148e+01 1.366960025841955542e+02 1.681207596705883134e+02
2.375315240158185404e+01 2.074156312648902656e+02 2.252690882455591463e+02
-3.175776382335840253e+01 3.271097078922307588e+01 4.488504125117423627e+01
-1.250126949457290060e+01 1.814382312095780776e+02 9.913209792501801587e+01
-8.916805315725201808e+01 2.349366987925222645e+02 2.010965934683308944e+02
3.607668046067244916e+01 -3.206462089766733925e+01 2.725793525029459943e+02
4.034362338546149118e+01 2.273673941234591656e+00 2.066263792838132076e+02
1.161496532578992813e+01 1.852988862675522057e+02 1.115265932654764498e+02
-7.493109554400616901e+01 -5.976987038338272384e+00 3.313163169384318394e+02
-3.749641736054229568e+01 1.501412906945234340e+02 1.087275299055399103e+00
-3.272042407459174740e+01 2.537007097012591998e+02 2.975650186716125063e+02
-5.871895057178793564e+01 5.248667158324636972e+01 3.174246557942565801e+02
-4.337620676022132216e+01 1.218293029066829689e+02 2.858899529915412359e+02
-7.243090299665323073e+01 2.543295959885933826e+02 1.829589457178376222e+02
7.847031281881976383e+01 -1.186421405611290680e+01 3.593913046968376079e+02
3.857865701531576264e+01 -9.781939856688097734e+00 3.226752172816219399e+01
-4.863616713397539115e+01 1.023885186910823251e+02 1.568950871113646315e+02
7.161634353127561781e+01 -1.457043767365468234e+01 1.499408644398364174e+02
-5.326686978082885560e+01 1.798867574418151776e+02 3.382484588549402815e+02
-1.696469460662664019e+01 1.636993383888033406e+02 1.570377300718952540e+02
4.820377203943842659e+01 4.455396531907058311e+00 3.161940880684071544e+02
-8.008294854921284411e+01 1.757271029796014830e+02 9.055428093920667720e+01
-4.982181762098053213e+01 2.423949022101066362e+02 2.723443346229892086e+02
-6.569543416867483643e+01 1.689869396915311768e+02 1.554399046563274567e+02
8.759249455348647184e-02 1.799252826776757388e+02 2.089704755593854202e+02
1.321047127591506687e+01 -1.030850492607895852e+01 7.254847594099575758e+01
5.139791015126417761e+01 1.467332785323426947e+01 4.058047517911483482e+01
-2.958673198864604359e+01 1.160087977985900309e+01 3.518383411840740109e+02
-8.476379383294828074e+01 -8.472944095210560533e+01 2.767328973501905125e+02
6.286565184073531753e+01 -2.054642596722655412e+01 2.776940872600935108e+02
-4.918467313153745124e+01 2.586493998660920397e+02 6.646278403606747531e+01
-5.701427497231048136e+01 1.995108566947040174e+02 1.640215163497359185e+02
2.854509453328843538e+00 3.052761583887953734e+01 3.315903069677128912e+01
1.252347055224553962e+01 -4.567870074863310315e+00 1.597041066967896086e+02
-4.726378979608385578e+01 1.992520514720267499e+02 2.782379324702336589e+02
1.345942298236744250e+01 4.270087463354827406e+01 2.035632804656586359e+02
-5.136352155850764234e+01 2.181177590463153990e+02 5.506511653051958888e+01
2.186974554606927512e+01 3.345094940551987150e+01 2.426093046094183876e+02
2.680901158576078913e+01 -3.456439941124269666e+01 1.141302098571235177e+02
-2.404017218067885864e+01 2.165613224795471581e+02 1.624156176322318146e+01
-3.945853315292507801e+01 -3.727992994906513502e+01 1.292566171322775403e+00
6.524409379841304712e+01 1.378256289060027200e+02 1.982669574807485446e+02
-5.009689171278891706e+01 -2.267217867621291916e+01 7.932071656908820501e+01
-5.152080891284710162e+01 2.598134273469232198e+02 9.508057153713629361e+01
1.801400215731814214e+01 6.289971285149310631e+01 3.456118446242959408e+02
-4.195024704815225647e+01 2.469187969305852732e+02 4.192776429595165411e+01
1.498344215724813466e+01 4.958448406024166388e+01 2.664087573523411265e+02
4.426118738432030142e+01 3.716361669873340645e+01 2.281876443995978150e+02
1.475449181757126738e+01 1.713824023611506391e+02 2.492900325874128100e+02
6.687736823581079193e+01 -1.545871456312336356e+01 1.052522077202247885e+02
2.839963471864708211e+01 -4.463439122568170347e+01 1.926639371207735110e+02
-2.876816464310491384e+01 7.485012260264902295e+01 1.303867071046967681e+02
-3.186786877943517027e+01 1.760875642028022980e+01 2.498132456581096505e+02
4.802680719632736128e+00 2.407562336277397819e+01 1.126941450318326154e+00
-3.113284867948459933e+01 1.955616950087042767e+02 3.958439647187326216e+01
-2.811642707580881151e+01 1.859149101300894813e+02 5.520811275774550886e+00
-2.735732308566056403e+01 1.204609421646960321e+01 1.575599054355760416e+02
-1.764277484260750128e+01 1.231874615587473798e+01 3.536021910941770443e+02
1.617078687542052506e+01 -2.329486402942344370e+01 2.115655945910570210e+02
5.497955969394369369e+00 -4.706479924305268980e+01 5.838334963837584723e+01
-6.655856396740811931e+01 2.231348415480580343e+02 2.011117784564109172e+02
-7.769459057945225311e+01 1.293248900223719033e+02 1.289529605477650591e+02
-3.752838165159942951e-01 3.438886981903301887e+01 2.110515383250150734e+01
4.466893228578564390e+01 1.720254761121091462e+02 3.144432295888081512e+02
7.208394890550574985e+01 1.451013785486878405e+01 3.047588001319081741e+02
4.846163018934833389e+01 1.515403948287529943e+02 2.504777560059646078e+02
7.587057670070113602e+01 2.362417747970573316e+02 2.895103050745447604e+02
-4.723398639137064947e+01 -5.077991410589856258e+01 3.279276871589601683e+02
6.734248182473837119e+01 -2.410141528801108279e+01 2.327762003575928134e+02
1.170413507349315374e+01 6.376053982413074550e+01 3.164487430828831407e+02
-5.290738173193917504e+01 -4.381214193408418822e+01 3.074472206816123876e+00
1.202864680876824544e+01 5.553635843065436006e+01 6.319854536880127327e+00
-7.168429234917810788e+01 1.016657246151877843e+02 1.326851844124395257e+02
8.139023806020693641e+00 -1.398461279830865500e+01 2.229561063789537059e+02
-5.270380933004344115e+01 -3.781345794152263551e+01 2.222329746881308381e+02
2.866889620229411406e+01 -5.670668897245645468e+01 2.149086285197923303e+02
8.425045964155154365e+01 1.082871066207319330e+02 1.774667767436227734e+02
-8.525981999726772642e+01 1.241138061186013317e+02 2.180836054961624484e+02
-7.192925976899964269e+01 -9.177780266513156704e+00 1.566663065290082102e+02
-6.015190513534120953e+01 1.841086003802079745e+02 1.823445361746723563e+02
-4.242662870345083093e+01 -3.704472998862594579e+01 2.965265100349206477e+02
-6.899255898081482030e+01 -4.051585633581252210e+01 1.774141071063079949e+02
-7.430996712209872612e+01 -4.834098453093143632e+01 1.292943797668459638e+02
3.256755731166044399e+01 -2.043106482981619365e+01 2.456403907236548037e+02
3.487382466841389572e+01 2.578612168561824660e+02 8.450645258625529266e+01
8.608599054585358346e+00 -1.817251263242170367e+01 2.903753243142243150e+02
-3.569710929463362881e+00 -3.988628989130948810e+01 2.646966379038411787e+02
-3.031742812794590236e+01 2.602323831707682444e+01 9.999809138596798164e+01
4.083780306795482318e+01 1.370558323881857348e+02 2.292863344726572450e+02
4.874502735074316462e+01 2.304797921639525669e+02 2.453129445837163587e+02
-6.854303818881497534e+01 2.380682717256084402e+02 2.447783231896927134e+02
4.423150081737215089e+01 5.714629694157534345e+01 1.709493721275726443e+02
-6.332063858637690856e+01 2.429712651986150362e+01 2.350461101975307088e+02
1.211980283846374817e+01 1.781982817834051787e+02 1.017089015191386494e+02
5.613459672366864339e+01 1.869866736507517828e+02 2.323243835260769288e+02
-1.716266823613625903e+01 2.125494227583733675e+02 3.351725911623941556e+01
-8.570769055312877072e+01 1.615822764856854121e+02 1.783579120227936698e+02
8.917622181945159809e+01 1.985421217641173541e+02 4.726525954402136875e+01
-7.262921049521149541e+01 1.727457557798915104e+02 7.549837960756470068e+01
5.220263253416340632e+01 1.650985244807218919e+02 6.605883225363615452e+01
-3.680654162327399348e+01 1.789845698983185684e+02 2.172800219892872917e+02
5.137065338885005161e+01 6.184923818584504573e+01 8.949621252412195815e+01
2.358278083147984816e+01 2.370015692880959932e+02 3.229204593154155418e+02
-1.733413143449213578e+01 4.237886672286419554e+01 2.245623874139771203e+02
6.080860377930052607e+01 3.551662437371869174e+01 3.077840204768182275e+02
-3.864881812450600584e+00 -2.236102910857880843e+01 1.061438943650083822e+01
-5.441807344710728245e+01 1.169307388740434988e+02 2.524329995496475476e+02
5.855690956445520357e+01 -2.949927986568006943e+01 3.163666152604539548e+02
6.879010710154240371e+01 1.980957501079972971e+01 1.932820360875810479e+02
-3.518613524437578910e+00 -5.021764005902494432e+01 1.085699941962528214e+02
-4.895516254116231636e+01 -1.149683560234655566e+01 2.710540893184574998e+02
-6.676134636599729788e+01 1.973058525354208541e+02 1.985385752890560696e+02
1.149302391692070735e+01 1.632294004592221626e+01 1.028109335181883921e+02
-1.297493542621768414e+00 7.335687742298684810e+00 3.399901442955572293e+02
3.177907625892930454e+01 -5.548971919518977103e+01 5.852572283451439716e+01
2.092946756016295851e+01 2.449324716487814442e+02 1.230201124841878908e+02
8.387990767283177718e+01 -4.776820981969014213e+01 9.224886457726759659e+01
-1.462366048597127310e+01 2.392305685735002498e+02 5.482283420419635789e+00
-3.685005701604544015e+01 2.238269018261676990e+02 2.369981210538821017e+02
1.977694036580002646e+01 1.711965232743145293e+02 6.555288823225302508e+01
-5.252421814521038357e+01 2.553968150318399069e+02 1.700958469154228396e+02
-1.295163909251868439e+01 4.702067991762050525e+01 8.939310337651669158e+01
8.972884777833738212e+01 2.179639243882573965e+02 1.507367521672966006e+02
8.993175988411788069e+01 -1.448110655412085634e+01 1.107847218604843675e+02
5.241491684208702395e+01 1.443782424609541124e+02 2.039179386709591597e+02
6.854945005606083441e+01 1.900489665541573743e+02 5.082935380004568060e+01
-1.981759951590957058e+01 2.197491092387639355e+02 1.779336948578352064e+02
7.967724202831047364e+01 1.597534168372957026e+02 1.445003528833399287e+02
8.490277810591635443e+01 -4.363217587766989425e+01 7.478048373726188913e+01
-7.689308427631067389e+01 1.918896401658679736e+02 8.575739048738240911e+01
1.457054470549079994e+01 -1.182316387773091648e+01 1.550154509867290997e+01
9.220672398795967339e+00 2.235312507004039730e+02 2.258881839922939037e+02
-4.814142198359606084e+01 1.570716704821634266e+02 2.302834451244387637e+01
-6.344623033762139386e+01 1.654078953039863507e+02 3.163828468617730891e+02
1.055034544816711772e+01 2.380687803591306420e+02 8.770098734679768882e+01
-1.189258490957871039e+01 1.702583665342504844e+02 3.417015985844586794e+02
3.290842535432862093e+01 1.362869741164097093e+02 2.897958008986762479e+02
-5.256563024116611160e+01 2.434511412889764301e+02 1.097655681101726941e+02
1.212176200585099828e+01 1.756412531052824590e+02 1.820784425001116631e+02
3.636557402626904434e+01 2.385385433193181655e+02 1.396240921278345866e+02
3.177185698556283100e+01 3.079758123813931903e+01 2.216953935185742921e+02
-5.628036479992905328e+01 3.738851229693540290e+01 1.105200891077152647e+02
-8.439230835697465238e+00 6.870550961159099579e+00 2.964357073697924534e+02
2.955706519405933363e+01 3.335654778554295774e+01 2.228387714883075148e+02
1.831755148677170553e+01 1.280998822321213595e+02 2.636585915113223564e+02
6.596659148427531250e+01 2.422356282905378464e+02 2.086706296945889960e+02
-5.454588168203084564e+01 1.297025264205902602e+02 3.203019047732153695e+02
-4.011979855862595201e+00 1.639652317547472933e+02 5.411723710487127192e+01
-1.056675487948817072e+01 1.935712743571740759e+02 1.235786033955073826e+01
-3.240411111031101399e+01 -4.023711269673648872e+01 3.401928721082135780e+02
6.533944598955268646e+01 1.637128378615005317e+02 1.682217390698122585e+02
-2.755480929761173314e+00 1.304471242931408028e+02 2.710863077972676933e+02
-3.852684999888018158e+00 3.663115625329129443e+01 1.393800158146083845e+02
-3.922617787906703057e+01 1.926559227015644282e+01 1.632947700752922344e+02
5.025474927039730488e+01 9.791553232719574851e+01 2.088542521798355622e+01
8.486860135470108446e+01 1.792996304684503173e+01 3.113152840059978388e+00
-8.489261010130826435e+01 2.219850426574401467e+02 1.368397268175159809e+02
1.623356560195559695e+01 1.919720164844051453e+02 3.023353202265770960e+02
-6.402980427252214213e+01 -6.361388879403209273e+01 1.165897000565216501e+02
8.723266074413096760e+00 2.141372309330447763e+02 1.255780932414047584e+02
-7.458133947299562294e+01 2.128880301537586206e+02 3.059526472809251345e+02
-3.090870052871530493e+00 -2.838152869555383617e+01 1.116900240559238711e+02
3.929450825824735460e+01 2.334687782827645606e+02 2.717973369012764806e+02
-6.553787959362783511e+01 -8.464909907602520889e+01 3.361228732950162907e+02
-7.270461863021071736e+01 1.869662561347238352e+02 1.881264096800531433e+02
-2.793132331810566527e+01 3.776837019558322339e+01 1.376982414829496406e+02
-5.004038814559221038e+01 2.191922413661335867e+01 3.494107964995950510e+02
-8.485938642752930416e-01 -7.873865786413409751e+01 1.262728582709878538e+02
3.548883329174363865e+01 1.212461573295312860e+02 3.568847164437985384e+02
-1.141076522646584657e+01 2.188094166756351910e+01 5.734013766584023131e+01
-5.203930961251760579e+01 1.432910849679389287e+02 2.985272137251941444e+02
7.066607743134755815e+00 2.145037080522146766e+02 1.523474717068834536e+02
-8.722152379367577169e+01 2.138348045894583720e+02 4.436968438673722659e+01
-2.395966504796786367e+01 2.594918143856254460e+02 1.956354319280738423e+02
-3.969376926890321045e+01 3.079364504856989271e+01 2.186491555841032266e+02
-3.595762555618549072e+01 -3.587305161493833339e+01 1.083403821696963973e+02
8.645894214063049787e+01 2.458572009365174083e+01 2.657348919833274294e+02
-6.783228790282222143e+00 3.964035539878420167e+01 1.738290676727221751e+02
-6.943902142388581922e+01 2.082904339016881181e+02 6.807881227142375735e+01
1.033717428590218823e+01 -3.291761069053466571e+01 2.879941674391946549e+02
2.523896424442685671e+01 1.861097463165243937e+02 2.287614250144961261e+02
7.319903773055462182e+01 1.295273754770445862e+02 2.536219100901859917e+02
-1.242110402652457779e+01 -5.160844222761425470e+01 2.082566395799483985e+02
-5.271904587569601119e+01 2.131925481400353419e+02 1.019876147852890682e+02
-6.014523149127089852e+00 -1.966833680271932749e+01 3.300020152257244490e+02
-7.888184781060792261e+01 -4.178414544401548625e+01 2.018916763058725792e+02
6.622892577580282136e+01 -7.820302209068957566e+00 1.976880969398890500e+02
3.528828012305243078e+01 -2.235875909918346949e+01 1.036375052897739124e+02
5.367052200888032587e+01 1.791072747197465560e+02 2.961738502556328854e+02
-6.267442376857432151e+01 -3.286396303819311271e+01 3.456768539873735335e+02
-1.365302152177992845e+01 2.973829711716061475e+00 1.018640689540568474e+02
7.519654740350536315e+01 2.553623975403438635e+02 1.888393378670891138e+02
-3.618943025532425395e+01 1.615010719157806989e+02 6.005241066583906218e+01
7.980580108675509621e+01 1.973836385125673587e+02 5.080347404440881398e+00
-1.117045619947311330e+01 7.722097048111470352e-01 3.475248965472433724e+02
-6.832486259112532379e-01 2.016536527319065613e+02 2.776989689675467616e+02
-3.838531204754443849e+01 1.188500870648121293e+02 2.904398527245208470e+02
1.563118096852205774e+01 -8.691204363561299218e+00 2.552569866809244559e+02
6.933629670497704467e+01 2.186342747611428194e+02 2.176634945723301939e+01
-1.784425849832303257e+01 2.129543962096997518e+02 1.933398527071000501e+02
-5.190652665614459238e+01 -5.331866867021754075e+01 8.392302415534140891e+01
-7.694296541204390394e+01 -1.042803599226786559e+01 7.471420358259744887e+01
4.243141853610848102e+01 -3.238312501475149219e+01 1.837658844641576934e+02
6.668277498760278377e+01 2.113348795219569922e+02 3.503278204551123736e+02
2.903001149515935708e+01 1.367475964949508409e+02 2.473584026104828411e+02
-1.175500078419558214e+01 2.719332757645824117e+01 2.752602770481023953e+01
-5.202710651499722161e+01 -1.769275965048646260e+00 3.569170145264877192e+00
4.457173436276382716e+01 -2.632843478989828068e+00 2.675770231554197949e+02
5.027267136593840391e+00 1.707230317321517887e+01 1.295997466075567672e+02
4.781827463598839500e+01 2.056408814522120281e+02 2.848092199412150762e+02
-3.943380698412467922e+01 1.535973125221553062e+02 1.190513279220051572e+02
2.544460735940265650e+01 1.700649577137345716e+02 5.713287002804871406e+01
-6.258822686367463461e+01 1.568111990598027319e+02 2.764114104544619863e+02
-3.743484787873707376e+01 1.472834681936851382e+02 2.296158494215939925e+02
2.228311137685300736e+01 -2.105952091138872007e+01 2.910837618215966813e+02
2.908344651664594949e+01 8.344348189908987479e+01 4.315506121961647779e+01
7.109728048823689051e+01 2.007636917948493362e+02 2.226045153283673983e+02
-6.514877953963438983e+01 -7.560079825955505761e+00 1.032917520186185989e+01
7.889973118281237419e+01 -3.634270242027212561e+01 3.414175369391725781e+02
-6.664926521771060663e+01 6.768356099185527341e+01 5.184162361161068588e+01
4.471430821931907929e+01 -7.664925774095758015e+01 4.250732491587138639e+01
-5.355231474526332747e+00 -5.119532026306624317e+01 1.504305199046397377e+02
-7.276130126826009459e+00 1.159588233455299360e+02 1.418632880450568052e+02
6.165493529320950472e+01 2.474812354782843897e+02 2.917184801538511465e+02
-9.838612852494259542e+00 1.999314200364576948e+02 1.526370002527512781e+02
-6.769558747944211063e+01 1.955840828171807573e+02 1.670303533719216773e+02
3.353733369359864014e+01 1.964629900484754899e+02 1.539404415268254240e+02
-8.368165092950247796e+00 1.805157010048014854e+01 1.242181419489319865e+02
-2.484233395460064386e+01 4.328085189433448221e+01 1.864433310712508671e+02
-8.108617177846950597e+01 2.534325129453482930e+02 2.334020868917974667e+02
2.097825026368804302e+01 1.422558436023812192e+02 2.319384756878522467e+02
-6.492727448741457863e+01 1.595574362954892820e+02 2.319511901168813495e+02
8.734157420652778114e+01 1.024571427907722523e+02 3.288151259093710337e+02
-8.739456283679717785e+01 1.731681077913180999e+01 1.958443099626132096e+02
6.924677885414686784e+01 2.410933280578644258e+02 2.951911680486947276e+01
-7.076958005867282964e+01 5.704524231367053666e+00 2.746809881292833211e+01
1.266195461520197441e+01 1.244013138907918119e+02 2.043226898365251714e+02
-7.959996720350220301e+01 7.111396402956151164e+00 7.405167408847478328e+01
6.678985031156216223e+01 -2.337453581423448057e+01 1.606750414473552269e+02
3.600129651615646509e+01 2.071010521271057030e+02 2.300799840099690527e+02
4.963252736189382830e+01 2.261622386472775190e+02 2.528953393900001956e+01
-1.787227068729551149e+01 -2.864942904284286129e+01 1.215558077830057044e+02
2.446525679188893321e+01 -7.864385701529626260e+01 2.320459227164569143e+02
-3.344278451445222089e+01 1.543875153995721234e+02 1.354876697036467306e+02
8.592955493439346526e+01 2.409517758017493918e+02 1.531985696577721399e+02
7.850368585624941886e+01 1.583103225773453460e+02 1.835393448508654330e+02
-3.320552227299318560e+01 -4.223982734607689338e+01 7.504442187033193079e+01
-4.605608821667890851e+01 1.239196932543071625e+02 2.474756521693929585e+02
-2.173880917642956323e+00 -6.663041908425832105e+00 2.467042910794154125e+02
-1.167787946144728650e+01 5.613536502538471495e+01 2.993167804399411693e+02
-3.470686981934735371e+01 1.976600876649931990e+02 3.210011533105072203e+02
2.002231808400188662e+00 6.517517227100293553e+01 6.836711109233924333e+01
-3.472783855289438293e+01 -1.119497204323584150e+01 1.147958886157900338e+02
5.748575075184618299e+01 4.758348234794006260e+01 2.382036397765280071e+02
3.118812807466111892e+01 1.154804726653889162e+02 4.308593106902220882e+01
-2.445820334193652457e+01 1.731073998729853258e+02 1.252063111593049882e+02
4.112292811487964173e+01 -2.092803271134460275e+01 2.367209155351506809e+02
2.332666268400300424e+01 -5.902031438890497128e+01 1.604079702706875423e+02
-2.262504141497013777e+01 1.972028091091699764e+02 7.842319929968476799e+01
3.210360997291578311e+00 2.241662524985518417e+02 8.298135431312266519e+01
5.763552714626987949e+01 -3.452157785564962467e+01 2.422905747754647052e+02
5.023807331768865936e+01 5.468552219571623851e+01 5.395945239039808428e+01
-1.823429098662051828e+01 9.597505596075070144e+00 7.054015055554995683e+01
-2.586618347651335625e+01 6.200693908285298761e+01 2.781078742333920673e+02
-7.712143256273252234e+01 2.664590175229520597e+01 1.686764105127877542e+02
5.965872750030295180e+01 1.479062615834498118e+01 2.575077611340869055e+01
-3.447861246345336639e+01 7.556094204359544619e+01 1.183888438377117325e+02
5.486541782299440229e+01 1.328930059586462846e+02 1.977914135992040769e+02
-3.811481908518528883e+01 -5.849353187283750088e+01 2.563021115566554613e+02
-4.286927940582578600e+01 1.912041084416209742e+02 3.182272735574399576e+02
7.505889503161304788e+01 2.391538643866734617e+02 1.360511871770248149e+02
-5.814008955482655949e+01 4.027137038159764160e+01 2.137708468841755973e+02
-4.623717909227357836e+01 4.677932387704726835e+01 2.198571303714579130e+02
8.045021663822414837e+01 1.792729995753057892e+02 1.139853089778613366e+02
-2.675146375460665027e+01 1.624733488474246457e+01 3.166283126898821365e+02
-5.664782598324802620e+01 1.162196369916213712e+02 8.900262837827166607e+01
1.056123927830377340e+01 -2.205770314657971198e+01 1.932837108072172896e+02
1.589463566689522711e+00 1.904495303248429394e+01 3.775228096696621094e+01
-5.045477799100284599e+00 2.126792765821417674e+01 1.254724074238242224e+02
-8.811753029039918772e+01 7.353139221900530487e+00 1.319388494718916434e+02
-6.537315315550176820e+01 -3.357648763266065828e+01 2.635296064652869585e+00
8.442839745536231533e+01 1.419434941472869083e+00 2.351222059349605331e+02
-1.461816267783431833e+01 1.388326101389635880e+02 3.864719309069601927e+00
3.535278698804998498e+01 -3.400293145419329477e+01 1.376446723295536003e+02
-3.145330519777744271e+01 1.748603910614102972e+02 7.200944247633637474e+01
6.790143997624269900e+01 2.886016317107112528e+01 1.614730408578147660e+02
5.148280068614903726e+00 1.156834667579235258e+02 2.474956157802136829e+02
-5.382921134240562822e+01 2.824977792319753078e+01 5.396961743194800931e+01
8.383615368438407600e+00 -1.896550513205738397e+01 9.909930623794653570e+01
-4.275043596588708539e+01 2.437430357287534264e+02 1.274926854213072005e+02
-1.729808035808379785e+01 -4.086139376395830425e+01 2.843137111656510001e+02
8.831280417504913771e+01 -3.974915553665263168e+00 2.033694467957050165e+02
2.756672515855373717e+01 5.036921051539351879e+01 7.497255583839569226e+01
3.787316474208262918e+01 1.973519269895400896e+02 1.008726280771689545e+02
8.889660392271122191e+01 -6.061915123392905969e+01 4.543764387026492813e+01
7.903260648844230296e+00 1.878487218742891969e+02 2.831587483087960777e+02
5.523386169911474042e+01 1.311204470108873750e+02 2.449083463799472327e+02
-5.978564628344110332e+01 2.263704919870293679e+02 1.834562395793988969e+02
5.527033128097954773e+01 2.048074580978543509e+02 3.133850341726123929e+02
-6.424659953996589934e+01 2.371351850523320763e+02 7.185657921830149064e+01
2.627416362927529292e+01 -3.896107029317060011e+01 1.835125274144676553e+02
-4.805645467493235401e+01 1.363515116382026449e+01 2.409489309834161119e+01
8.572344923217099222e+01 1.400676089218089082e+01 2.564210450790087634e+02
8.853395199446607933e+01 1.180562965123637653e+01 1.113800672765498376e+02
4.137177831552823903e+01 -2.983717407681458411e+01 3.422524858037587023e+02
2.562487588743174882e+01 7.296017508885096703e+00 3.571077597423013685e+02
-7.227681071028561632e+01 1.790277378015619547e+02 1.056771127589177866e+02
3.283192570822716760e+01 -7.136108106921312810e+01 2.507085062526039110e+02
-9.743768770159890735e+00 -2.226989962358976882e+01 3.410303972778723960e+02
-7.628113916546688245e+01 -1.299005218935561601e+01 2.682666103043575276e+02
5.943605176856334538e+01 1.775269058018979820e+02 5.608202947430518037e+01
5.546394376079145161e+01 1.540201787405841216e+01 1.770702466182346200e+02
-5.024068228547916704e+01 -1.512746637367732028e+01 2.647041506981711905e+02
-3.033083123428126626e+01 2.818263239446843116e+01 2.655531923420263070e+02
-7.356151472482369513e+01 1.864624217552478456e+02 2.207967981090970113e+02
-4.274476405631951792e+01 8.453695828112427479e-01 2.394038406967099064e+01
6.247216697042378541e+01 1.407844143969760751e+02 3.954609636038392040e+01
-2.192607721995359782e+01 1.747775519679310321e+02 2.851122360760649599e+02
4.465706943722647537e+01 2.374883745172460863e+02 3.177501901237726543e+02
-2.998899104037716512e+01 2.989007386211685358e+01 1.589815231046012798e+02
1.463199726346180363e+01 -1.670357920368908822e+01 5.381245637824433459e+01
-4.216280293221981879e+01 6.857012061106676981e+01 2.616816739070337690e+02
9.585917509775972789e+00 2.479611893151041784e+02 2.173204211928412519e+02
2.220921244778310211e+01 1.558253627286097753e+02 2.275186950392628944e+02
-5.397305027580278391e+01 7.874056164697412896e+01 3.013012924310822882e+02
3.015714015615090915e+01 1.631305973694403519e+02 4.651964865377708946e+01
2.997115706322709983e+01 2.100634181991426601e+02 2.727204740372772562e+02
1.048416841317181714e+01 2.182456293054535479e+02 2.479975242726454212e+02
-6.447186864609352597e+01 2.247809294833918443e+02 1.745430807223075931e+01
5.780063737083781916e+01 1.770791437445708425e+02 1.425880888487976392e+02
5.036567833454871845e+01 4.086222005292881221e+01 1.447047158044636603e+02
8.183666371372845916e+00 2.309111210777030578e+02 3.045869929396772022e+02
7.364374704816387407e+01 1.544632287284289305e+02 1.143555604946091222e+02
4.549544007191687456e+01 -1.165908678078773342e+01 1.673733345871882534e+02
-6.247831747811060410e+01 1.656290740895855151e+02 1.160719590174967806e+02
-1.471549051889262394e+01 8.668281610417292882e+01 3.107949524131724388e+02
-3.138016568527756789e+01 1.038634468444570302e+02 3.373218397155307571e+02
3.427330824956545996e+01 1.718507407835309380e+02 5.326358404985789008e+01
6.734484545127823196e+01 1.346103955233086253e+02 1.725832729385824109e+02
3.368965715865892463e+01 1.635213625135777988e+02 3.118168328620350849e+02
-4.583156763828112901e+01 1.255229063122935571e+02 2.039056251767234755e+02
8.194881291403507362e+01 2.892551843627542141e+01 3.579023310047789153e+01
-5.021766188768534533e+01 2.940092265073583633e+01 1.598510443749833030e+02
5.421151501181022780e+01 8.760066394727827443e+00 1.788769568421826364e+02
7.292096771535831579e+00 1.999116192739014366e+02 2.529452082408958233e+02
3.515415342071548110e+01 1.474314161315957108e+02 5.211255543320370265e+01
6.367220259324314213e+01 2.943058902809273292e+01 3.357216191621195662e+02
6.849535133041304391e+01 2.355233266529887430e+02 3.376749346657986166e+02
5.871487556044221634e+01 -5.045299894418722175e+01 6.379366609240548769e+00
-3.702115131548484328e+01 2.277274535855657689e+02 8.596709969620620484e+01
-8.874336717290002241e+01 2.293238912640443061e+02 2.909144554920823111e+02
-1.169052422101283240e+00 2.955810941461810515e+01 5.640467482177267300e+01
-7.692263869192628079e+01 2.036517504640719665e+02 4.352502249104303900e+01
1.124989950851295539e+01 1.479096475604704324e+02 4.352795251580009506e+01
6.550601118870773121e+01 2.316142631080664671e+01 6.492959093142901850e+01
-7.899105425388242452e+01 1.962078052147701612e+02 7.216007716171897357e+01
6.646613623464378406e+01 2.370322275451018754e+02 2.911762492859025997e+02
-5.039330235848863992e+01 1.901961608405300694e+02 2.899590635073035401e+02
6.688071237986878259e+01 -5.875719600600800874e+01 1.395276940336718496e+02
8.175276370903667100e+01 -4.161943561752650567e+00 1.995734086168426984e+02
3.318418205429505008e+01 1.698886027565612835e+02 4.203389007584661385e+00
8.644979158765309535e+01 -2.331671593993356595e+01 2.212994446730617071e+01
-7.921580970009524947e+01 1.803056559890900417e+02 3.003069460885637909e+02
-9.156966308879978200e+00 -1.662131641352031730e+00 1.446509393730021742e+01
-6.108595142738724348e+01 1.529013043370203206e+02 6.255825847637802184e+01
-5.957657900401616047e+01 1.525641496350945090e+02 3.306348053221081500e+02
8.265546879895437371e+01 4.627355181054634414e+01 8.366412898197212655e+01
3.701993321150181515e+01 3.276438180558064062e+01 1.802277805203681851e+02
7.853992386869414588e+01 -2.913026550631657230e+01 1.395833399267525010e+02
-1.703388712989274367e+01 5.254330359755273605e+01 2.179154342937797537e+02
7.671474722570486904e+01 3.712150327423201901e+01 1.006824195137403422e+02
-6.506452489481947055e+01 2.511554529366161503e+01 2.881211487283183601e+02
4.445168017162088603e+01 1.789620051359293313e+02 3.230885055815756459e+02
4.198556776951655678e+01 6.935214885651767247e+01 2.413742053431804493e+02
-1.038528179077328595e+01 4.101534273448982582e+00 3.147049197267751879e+02
5.026960212516910609e+00 -1.861118409916899452e+01 1.862007215527134179e+02
2.491020486809614454e+01 4.265024527323468817e+01 4.761686686711303906e+01
-3.201283121481356631e+00 -2.842546884475575553e+01 8.282948859934133168e+01
6.016226715567736960e+01 2.634795195438009685e+01 2.019347250622941203e+02
-5.564553988722219202e+01 1.503715978839267109e+02 3.036642813472378180e+02
1.630148106274243602e+01 -1.059898799367607225e+01 2.398831936106194576e+02
5.028455575092379348e+01 2.279065229180429242e+01 1.925811938655631650e+02
3.981368482462823977e+01 -1.566620424043458648e+01 2.823885349937969522e+02
-7.363775650218214253e+01 1.427561643456656668e+02 2.875148766828406792e+02
2.305060929033125561e+01 6.855227155298808839e+01 1.273506294963909369e+02
-4.123781282797108361e+01 1.714897682606408864e+02 8.031362207782011353e+01
-6.686271397660078719e+01 7.352147132356942905e+01 2.626416730389178156e+02
2.105661239529410622e+01 1.561039045259429372e+02 1.282777032863125726e+02
-6.866565486149401920e+01 1.972779863361381274e+02 2.334081429883515284e+02
-2.624682915416690321e+01 2.353307868714861968e+02 6.988294557252289962e+01
-5.889153362404746872e+01 2.078401574030019390e+02 3.057919962245463807e+02
5.360618186030674792e+01 -7.678803748909730587e+01 1.822093332531458429e+02
-8.626552656060603397e+01 1.218583874989852518e+02 2.114789107790765001e+02
8.028100159729640950e+01 2.856208974602866846e+01 3.012551877573793604e+02
9.252984777069194422e+00 1.449790929945196183e+02 3.113341529638060479e+02
-2.911830091596245751e+01 5.336959258658574612e+01 2.677924457884689105e+02
1.246510308816658608e+01 -1.533596614558694249e+01 1.287223224100929819e+01
6.579520501315563763e+01 6.999433523969784687e+01 2.222737160651999204e+02
2.343925858740687573e+01 -2.410868853270650547e+01 1.724831308043518163e+01
-3.379370128763553360e+00 4.308131469537406844e+01 5.055862835468136751e+00
8.717286927472150637e+01 1.625029047406961880e+01 2.991469385135672496e+02
7.233919864043342329e+01 -3.965723220813556793e+01 2.923619681189238122e+02
2.141980979111602679e+01 2.372520825439128487e+02 1.722082389930579325e+02
-5.377549358685227787e+01 7.134838462972388129e+01 1.518210416208006208e+01
-6.437656275759501945e+00 2.572666530559457101e+02 2.908281058535488341e+02
8.788119381246687567e+01 3.643972976640230854e+01 2.470600921208977070e+02
5.316112533027354203e+01 1.661414542745497158e+02 2.997642829363641681e+02
-3.558432462365465199e+01 -1.818008692802147408e+01 1.850536079789991106e+02
8.471977935035886276e+01 1.604887252992525362e+02 6.695691063270146515e+01
-3.199087077889256037e+01 1.252741969005527807e+02 1.488843555338009139e+02
2.872486065853366810e+01 -4.782961792179376204e+01 3.237672170199198831e+02
-2.118436309466250123e+01 -2.861092356474971155e+01 2.319026342894055404e+02
1.110103904720907408e+01 1.299981345438206972e+02 1.410295723152400456e+02
-6.130657288473778266e+01 2.262566605729759033e+02 1.589342810048015338e+02
-2.301411274006188989e+01 2.130975197260091250e+02 2.158468583896766688e+02
-3.404268560807610555e+01 2.521352965371789310e+02 2.196383409015225538e+02
-2.075140436203819050e+01 2.019813671111012923e+02 1.711239201553115095e+02
-6.542917712066851266e+01 1.483671883627772559e+02 5.445710342380304070e+01
7.102916765704529212e+01 1.267804267858456342e+02 6.385140142383161077e+01
-1.003372631436373652e+01 -2.580707863063731722e+01 3.120506046152045769e+02
4.465433069279588096e+01 1.636433193603457141e+02 2.767379288816955523e+02
-3.781373778951338949e+01 -6.034186053693031226e+01 1.194035226745097411e+01
6.842111892435615061e+01 -4.080881202368355787e+01 1.924372803572294686e+02
-4.392549493584554199e+01 1.652734777014998713e+02 1.199984086584654648e+02
5.327598937872529206e+01 1.695277332020275196e+02 2.436485956011505607e+02
-5.760706586367950521e+00 -4.715201198722532183e+01 3.145916979790326309e+02
4.980359316501972700e+01 2.170314794590031227e+02 2.706559299476667206e+02
8.625720858556185533e+01 1.507823625367435625e+02 1.201653684357392677e+02
1.125239343882022069e+01 -6.088872763706786984e+00 1.617565390291118774e+02
3.625246473853022167e+01 4.774562547203688467e+01 2.818373345048668170e+02
6.141750921590529266e+00 3.644796576353469675e+01 2.579084633933940722e+02
-7.260271112819115302e+00 2.095574721370896043e+02 2.756084268745319150e+02
-4.394246246669034406e+01 -1.355616315269507055e+01 2.799040258738609737e+02
3.221615722448866137e+01 1.804742012041581063e+02 2.330625128037843865e+02
-3.348845033168018404e+01 2.325880472935309626e+02 4.274699423534591425e+00
-2.396897679401802606e+01 2.343106868033399621e+02 3.045248524912969970e+02
-2.278225307388608556e+01 -4.905506137769209829e+01 9.444880867415628245e+01
-3.573816038295672826e+01 2.143944264195945664e+02 1.270514638385052422e+02
2.379872601345437388e+01 -6.971812881784826743e+01 8.740130887801696247e+01
6.892928675979341335e+01 1.445135770626926046e+02 9.845114770738497612e+01
1.597653705450942851e+01 2.175882179199946336e+02 1.228173204029040448e+02
3.006210476502085882e+01 1.790432349738704261e+02 3.564429462261983872e+01
3.775520389079060379e+01 1.664175975457204117e+02 2.692982623229978572e+02
-6.736042528440528088e+01 1.928217645858134404e+02 2.259179173843128865e+02
8.049777108921141178e+01 7.781447285498933297e+01 2.764328533609553915e+02
5.279309037396172499e+01 3.191558181580903319e+00 1.101475170724694124e+02
5.914865548234592296e+01 1.678293988714391674e+02 4.440929030375567521e+01
-8.177978780938245507e+01 1.490945199776142545e+02 3.519346066105879913e+02
-5.839625407954445535e+01 -2.247292417078946869e+01 3.579651098622780410e+02
5.663186482903283547e+01 3.803279035313546075e+01 3.346827581528795577e+02
-1.508054356894010262e+01 2.508733527012724664e+02 1.473907937097490333e+02
-3.067708200628925042e+01 2.051524807325197628e+02 2.586542363282995325e+02
-1.890361475136098690e+01 -2.567008848110784314e+01 3.380968120257311966e+02
-2.299199229455919991e+01 -3.455644472640842935e+01 1.501245727682774778e+01
-3.429013914596728796e+01 1.357836230876937407e+02 1.246562122619944404e+02
-3.433389264889346748e+01 -5.082840012358111181e+01 4.558393242682309676e+01
-1.360862144600752188e+01 1.939671363128146098e+01 6.040578684089971517e+01
-4.416216816032984127e+01 2.020675969481458480e+02 2.374963557506970062e+02
-3.763594022671738060e+01 1.471092219537798655e+02 1.955827166487948432e+02
4.056995758291148668e+00 1.129383825767085057e+02 2.706480195369842932e+02
-8.402619519913592683e+01 1.907751261062589947e+02 5.925688251962991870e+01
-1.733389627131871080e+01 -1.778972821841427532e+01 2.595008267229994772e+02
-2.759769887927604159e+01 1.032235009319788475e+02 1.973196797082231910e+02
4.842316586107200038e+01 1.754771837555460934e+01 1.608325629486656965e+02
-5.575047517178578715e+01 1.870242381416429112e+02 1.904437351613584326e+02
2.252367825055103268e+01 1.260229952726214151e+02 1.647730227349429413e+02
1.401431169080497030e+00 2.428552223990620291e+02 1.353794911897542477e+02
7.613005116455697419e+01 2.044815133052579483e+02 1.883528987753742356e+01
4.480831228192084126e+01 2.429797809922977194e+02 1.766286576031021127e+02
-3.130764521342655371e+01 -3.229328209314598297e+01 1.320595489148778086e+02
6.158695029498164786e+01 1.073486249785144793e+02 2.628262347652724316e+02
-8.329836841799424008e+01 1.271521814893213218e+02 2.186929184357753400e+02
1.248389242346958694e+00 1.835622486850720065e+02 2.517426284074050358e+01
7.679447729863058214e+01 2.200127650608049521e+02 2.519405982597282048e+02
-7.134098174088568101e+01 2.089549731536925776e+02 1.030931946472075680e+02
-8.645448911951755022e+00 1.865785370116610125e+02 1.766844390870733150e+02
2.903960498274525293e+01 -5.752272271713465557e+01 5.764645375267198801e+01
-8.837503179012971088e+01 8.581271772865996184e+00 3.548799728960086668e+02
-1.901547012316792262e+01 1.691198521548418796e+02 8.303374099043180578e+00
4.572830629796096247e+01 2.450666080776884570e+01 2.179972692780716272e+02
-7.280045592806605725e+01 1.843773217468367704e+02 2.927509760481764260e+02
-4.888897943700676763e+00 2.141472443810320101e+02 2.676645076426328842e+02
7.717830751266923528e+01 1.905559327281110882e+02 1.470013887053243593e+02
1.003405828345676731e+01 -6.201005742221280315e+01 1.974679271360176074e+02
-6.953357591750948075e+01 1.950249732977507335e+02 3.485848053209600153e+02
5.077425844155473555e+01 -3.209174975000262720e+01 2.959769975668621669e+02
8.181541975663259336e+01 -9.464807974428653736e+00 4.211689813201149235e+01
-7.824364556379165947e+01 1.304820953780419472e+02 1.601379573687443099e+02
3.465583841924851072e+01 -1.571137189666056422e+01 7.672257364199289498e+01
5.183248531344980847e+01 4.743757047210879563e+01 6.125466316820256907e+01
3.599407643536311241e+01 -1.445459998225669196e+01 3.342468679212393567e+02
2.921606861278263167e+01 2.083073988995031698e+02 2.744454270571612255e+02
-2.153668299608576930e+01 -1.219608348242049445e+01 2.170950234009032158e+02
3.027877399837641903e+01 3.402519798202600043e+01 3.161023455216686102e+02
3.527668721738736224e+01 5.637985000893522880e+01 3.287996423997639681e+02
3.543751948744504432e+01 5.838638698717382169e+01 1.570405953976566593e+02
3.531099737038603337e+01 1.949522346884155297e+02 3.755148764941852590e+01
-2.035588301756459373e+01 1.061994351465154978e+02 2.890139817082808804e+02
-5.811400474904327496e+01 1.582970584518999679e+01 8.510662508967830320e+01
-6.332163015697300779e+01 1.504252733667588871e+02 6.101073024672853506e+01
8.753498597051233787e+01 1.771951261977293655e+02 2.623843484736634224e+01
1.102993874516733186e+01 1.320140151339793420e+02 1.305695527829664400e+02
-1.033384415602037087e+01 -1.315563277348944560e+01 1.414313961782841034e+02
-6.164150603072831558e+01 5.315102112402591672e+01 7.072799978120256981e+01
3.881933106237096354e+01 -1.309103669140673532e+01 1.810050260526091961e+02
2.078513160843090191e+01 1.922725400103430360e+01 2.629354002718379846e+01
8.357343276025471113e+00 1.501933267805434724e+01 3.340474149349866479e+02
-8.638837345696012449e+01 1.493354452543756850e+02 1.490469119489839045e+02
-2.663300260788756191e+01 1.520627838494693549e+02 5.967242296509406430e+01
2.628865882170281054e+01 -3.706565560447844376e+01 4.899633879242347234e+01
8.978778082243061931e+01 2.269013504464312518e+02 3.400334367135023399e+02
-8.875625140530632962e+01 1.237375630955186807e+02 1.630195517484504819e+02
-5.726377260938024705e+01 2.184376464417425439e+02 3.456317545634802855e+02
-5.178426444447522670e+01 6.207523647028286851e-01 1.255671083418877458e+02
2.176384648019976886e+00 5.142161408683485035e+01 1.246537073038848575e+02
1.913075688146342657e+01 1.439987628406871352e+02 2.356993093096565985e+02
-8.080933822206357320e+01 1.546913480040536513e+02 3.067040670150558412e+02
-4.626801898299412130e+01 1.500747190477118522e+02 6.067802061587675411e+01
-5.062337294325902093e+01 4.028782567274670612e+01 3.131892765533004308e+02
-4.039314538066833649e+01 1.066546408004857085e+02 2.735425584723731163e+02
6.044015997824836006e+01 3.008571894419826975e+01 1.572353747804070849e+02
-4.761329198973763965e+01 1.228830104028951098e+01 3.052819083612477584e+02
-6.812067775249485813e+00 1.893351888077487502e+02 1.464362730541459712e+02
-6.400807487441542776e+01 -4.601184403593404681e+01 2.632469505963724146e+02
-3.310948135566883366e+01 4.165954136087258775e+01 3.502613976793963388e+02
3.694944438237485684e+01 -2.485184151759665028e+01 2.852598560518685531e+02
-7.497992692843918405e+01 2.320338381398423167e+02 1.540519104624183342e+02
-1.306151365203546177e+01 -4.514385626138388830e+01 3.342498890500854145e+02
-3.062165558439266988e+01 2.380092278300103885e+02 2.152863436116151092e+02
-7.720752351625426968e+01 -4.123959584978126713e+01 1.167211330419628013e+02
-1.466070899906409508e+01 1.545042041703573830e+02 1.866561370835068772e+02
6.244414266817757664e+01 2.759841286254959769e+01 4.792595334611898750e+01
3.362344262225524005e+01 -2.985462489914863227e+01 2.062930662482460775e+02
7.237222328905350821e+01 4.122082142885599865e+01 1.423759171509590615e+01
3.614812315229394279e+00 -3.122486816407617738e+01 1.482632598041573715e+02
-8.646551337412752503e+01 1.702935180644317654e+02 2.252199979059220425e+02
5.818277993742978538e+01 1.169480503160705496e+02 1.084199953870413111e+02
7.948479790148212487e+00 1.250688704443771400e+02 8.321236151658499125e+01
6.856937584276292341e+01 1.990171699565947847e+02 2.434525447158351312e+02
1.989258401720679359e+01 -6.184510572275953244e+00 3.359896948247352384e+02
-4.919440276646611920e+01 9.501077482228774329e+01 3.076054339771488912e+02
5.291121545971977369e+00 8.125520334978430625e+00 2.037616652834993261e+02
8.245038149826595486e+01 2.310195275801648052e+01 3.558788545041743419e+02
-5.284408166070892321e+01 1.541536872203096493e+02 1.537947381088427221e+02
7.335162863556428192e+01 1.371268060670939519e+02 3.177893328144253360e+02
-1.504074445327060161e+01 9.439201304927156144e+00 3.033270210540344465e+02
1.586835833143301500e+01 -5.427268401442148615e+01 1.036076272859533560e+02
-1.713449967857224365e+01 -3.762930067879934626e+01 1.042621253385858893e+02
5.853283740404917523e+01 -1.014536463577050007e+01 1.037153394414023353e+02
-7.421823323782702175e+01 -4.489911677948994395e+01 2.811223883629140232e+02
8.664002672626079971e+01 1.736355284876918574e+02 9.620536595018172932e+00
3.103226554570260376e+01 -2.248469831327036772e+01 1.157150525279669750e+02
-7.208909411606409634e+00 6.607146551836312831e+00 2.811943765481857440e+02
4.355838520481511722e+01 2.426248997039660935e+02 3.572699985112356558e+02
-9.173800316949851208e+00 1.669267531787631356e+02 2.189979566115994487e+02
-1.018942604919272377e+01 -8.236437981381921958e+00 1.529280151388879290e+02
1.647843989223312633e+01 -2.244302517583034007e+00 7.228460627811875838e+01
3.158709191562515528e+01 -1.942136897111726768e+01 2.551271875018695923e+01
-8.963322597797537128e+01 1.409010436883472153e+02 5.839412190069239728e+01
7.505775403904161180e+01 2.647363176929353585e+02 6.652386222741793631e+01
2.823102371762264085e+00 2.027131727324413646e+02 1.494638870303101896e+02
-3.966376424532860767e+01 6.964026917151338036e-01 1.155054203971405826e+02
-7.983068219864028947e+01 9.062994792384577281e+00 3.445988501600088938e+01
-9.782340624264101336e+00 -2.281423150698352487e+01 4.936111808076403662e+01
2.092057118983746733e+01 2.124106318957753672e+02 2.468315740934888254e+02
2.507192478571630634e+00 9.172476920041020776e+00 1.105196552479622625e+02
-1.094682650700404913e+01 1.419594067013732399e+02 2.725520802695871225e+01
-4.906129458352039308e+01 2.074101862564028522e+02 1.615925341489592597e+02
-4.186559822327455294e+01 4.211765751126552715e+01 2.338077428995231344e+02
-7.397991549149703872e+01 1.228192302438876595e+02 1.668129786773895660e+02
5.603290193805643327e+01 1.596264832610185636e+02 7.317247262246674211e+01
-8.114277733766726897e+01 -2.721801921449923967e+01 1.289469503790996043e+02
1.355531592826139509e+01 1.717836467581179818e+02 3.315930290717499815e+02
-2.436211528114779767e+01 1.321287177907025523e+02 1.266255370835173437e+02
-7.970048207053157796e+01 -3.482111391043118687e+01 1.529021754102322177e+02
5.294598252330599308e+01 8.168267880974761752e+00 1.831454468637801654e+02
-6.788351689673078226e+01 2.441994987548196150e+02 4.998701502474630587e+01
-1.130736125564526162e+01 1.450660730117036223e+02 3.969920680903265975e+01
6.589180236981378869e+01 2.000403182529485591e+01 7.951843869571442269e+01
-3.289617163109632259e+01 1.965768739128602363e+02 1.000776059243297453e+02
-8.585173673578090359e+01 -5.004326479190564214e+01 1.457908660551024695e+02
3.773901980502410680e+01 2.421340200057283010e+00 7.216262736324800642e+01
-6.367781227897965124e+01 -4.977533889806606737e+01 3.136128566651343021e+02
7.377287926738257795e+01 -2.032843073101010489e+01 9.447215229959485328e+01
4.515653103772985588e+01 -4.051433203877159173e+01 3.346876473184134966e+02
7.265277130155705265e+01 2.341667278263341601e+01 2.923311169911638103e+02
4.050974607655678739e+00 2.379185668142196164e+01 1.766620734420395138e+02
6.437137051997976478e+00 6.272639324499131419e+00 7.441245944037713400e+01
1.810061984169916371e+01 2.208950990867191990e+02 4.463877133471065406e+01
-4.985734482782003596e+01 2.249101095860994519e+02 2.367199707135001461e+02
-2.050592503074024364e+01 6.286283051397143140e+01 2.246525858698418006e+02
4.848145920448789070e+01 2.399686903721370186e+02 3.044736180753751569e+02
-4.274420649251042192e+01 -2.657090637449345039e+01 6.556026040948853506e+01
-4.884905689487332836e+01 1.670608903044708882e+02 3.281745100803501032e+02
-4.574045479321445384e+01 5.415076945573693479e+01 2.798658611579714375e+02
-1.390671478636529912e+01 2.044475004488962497e+02 9.308319817607299740e+01
6.980615383282366970e+00 2.569106319230540691e+01 3.401178832466089830e+01
3.061216790361730489e+01 2.668636784021680697e+01 1.500867242442106715e+02
2.768820299132394780e+01 -4.740724982926344921e+01 2.142214264269484545e+02
8.254078447563652787e+01 1.970144416054449366e+01 7.133548636112988106e+01
-8.415489670681209589e+01 -6.482847288061915236e+00 1.858460445423586407e+02
4.630666844759623046e+01 2.533550350517790832e+02 1.220700317385566933e+02
-4.678886172441455216e+01 -1.945994527266686447e+01 3.356844104191628730e+02
8.375957669842166808e+01 -3.544264429421928320e+00 3.215747060729591453e+02
-5.482855341881181843e+00 4.830196045639473112e+01 8.443236596096099333e+01
-2.997426765204684074e+01 2.028901773645428079e+02 2.724293340274099364e+02
2.814131817486141074e+01 -5.970101008391714714e+01 3.831499351650634821e+01
8.135608459960404559e+01 4.355273279446046075e+01 8.505824059008409677e+01
8.982967521953246148e+01 1.352447741025619905e+02 2.254351793694951311e+02
-1.931055511140266034e+01 2.387916718859576690e+02 3.693660306608772004e+01
-3.674853949390792707e+01 -1.102086351837053080e+01 8.634276682663427493e+01
-2.288582738248407722e+01 -2.879120639500023060e+01 1.778592804216663410e+02
-5.510534018849782711e+01 1.932357137483548470e+01 3.314051223568522460e+02
-6.713439873417148362e+01 -6.153234454655217789e+00 2.535939844841428936e+01
-3.764388141918550446e+01 3.262218068394065540e+01 1.976102728123766781e+02
-4.556563201479330161e+01 7.250011108367138135e+00 1.238369818537466074e+02
8.399949567974860543e+01 1.431126005740403855e+02 9.462153766684249945e+01
1.170455123368000905e+01 1.664068700956129874e+02 3.082987504618066055e+02
-2.342581844938228741e+01 2.159500683642124272e+02 2.501975556794799047e+02
3.768610169489032380e+00 1.874451542071682866e+02 1.125601336263280956e+02
8.655191882594229469e+01 2.327323119706592536e+02 2.996080215003406693e+02
7.518791432009737719e+01 3.150500557139269731e+01 3.164433437557199795e+02
6.403459680996179770e+01 1.741397018971398438e+02 5.114574787478919404e+01
8.135654299525454292e+01 -2.072874118270140542e+01 6.275310335833165709e+01
1.677136513465578105e+01 1.810582943401151681e+02 5.275997459136467427e+01
7.600731146680568884e+01 -4.548483101474457868e+01 3.041265240650500346e+02
2.503094817903305724e+01 1.880454763284358819e+02 2.111013566692425343e+02
-3.126616456913493636e+01 6.020656936249336511e+00 1.212278536891622593e+02
6.963144972366242769e+01 1.432068750735754179e+02 3.503758933458506704e+02
4.673635613903878294e+01 1.534116248722608304e+02 1.858048232116075837e+02
-4.800647031511800833e+01 1.490625883378302206e+02 3.519225847318361389e+02
-6.309898959618811176e+01 1.359996112743492631e+02 3.164455149352426133e+02
-7.382129646442805893e+01 1.683153120607425137e+02 2.858989480574256845e+02
4.169310606299148958e+01 3.297139177868810123e+01 7.757864562187511126e+01
5.080742396965162300e+01 1.756086305622148416e+02 3.187278492399136667e+02
8.735563817160456779e+01 -7.308114813516033337e+01 2.161596406010073110e+02
5.637904525835448766e+01 1.503581570007558241e+02 2.240596035547204679e+02
2.948533449321480404e+01 2.310195707085868264e+02 1.413786138013900029e+02
-4.702964285404777200e+01 1.583139699740922879e+02 1.777128743365719004e+02
7.907242931012386578e+01 2.375604542724889612e+01 1.490696258416228375e+02
-5.985209601491455755e-01 -4.604569033475052464e+01 2.964831397092291922e+02
7.509615516342944375e+01 -3.228991916325451683e+01 8.527081780373958964e+01
8.216787638021902751e+01 -3.172850695396400766e+01 3.341356188558661984e+02
7.948410300857946531e+00 -6.302212052159890732e+01 2.133724570511554077e+02
6.026244467721782172e+01 2.361738538819527093e+02 1.742235421170699396e+02
-1.289710907985580413e+01 3.221898104069341517e+00 3.228599725887332283e+02
-4.635782152860790006e+01 1.653462922649702023e+02 7.634982669272181965e+01
4.344859750952171140e+01 4.445603237613579495e+01 1.474093443280677036e+02
2.754728991367847613e+01 -1.666238166743976379e+01 3.067800203842201086e+02
7.902989831967778400e+01 1.994452447966768887e+02 1.512711580223298995e+02
-3.635920886833118870e-01 2.385188656633657729e+02 1.510926444863788731e+02
6.177948701885375016e+01 -3.926899111706499212e+01 3.557987165674985590e+02
5.939315034700535989e+01 1.858172761723970723e+02 9.606399350498163869e+01
8.811340472186036266e+01 2.580860520261954321e+02 5.243817624045951220e+01
-7.934040280956081403e+01 2.664091845376704271e+01 1.785387328530375726e+02
3.110830169636107811e+01 1.981835894963818845e+01 2.906699205281694844e+02
1.845564526903663705e+01 2.019590097042295724e+02 1.043743191289463113e+02
-5.260636532650953967e+01 -5.249293477851352208e+01 2.976108200658793521e+02
2.918109178417907046e+01 1.560970426502317707e+02 2.042006375233690676e+02
4.286265777140373956e+01 1.969813184141218301e+02 2.872781916862870730e+02
-7.655351350201361527e+01 -4.709900925411186989e+01 7.018441057020355345e+01
-2.410762546432454556e+01 1.639143805158332157e+02 1.623011800113606569e+02
1.676106077140659778e+01 -4.262136255698231224e+01 1.123920862331432886e+02
-4.229911814291951089e+01 1.693541036600010443e+02 1.261970521396445974e+02
4.250719109943008078e+01 -2.450484383997175897e+01 6.985803799977234974e+01
-5.766872447944509261e+00 1.686326015957588993e+02 1.010941272325086970e+02
1.188868161557742020e+01 2.097522444240374000e+02 4.715253064883726353e+01
-1.652338945319827701e+01 1.842029074075265100e+02 5.421246089593289952e+01
-4.137550951111926167e+01 1.549570823816508778e+02 7.505991720191853744e+01
6.202259714421661130e+00 1.085242433092948602e+02 2.420457210527880534e+02
5.898719498011470819e+01 1.300101583111556351e+02 2.269052932148105128e+02
-6.210289100224013481e+01 -6.722462695602155591e+00 1.465678996902935580e+02
7.205790297506909781e+01 -1.221298030627868414e+01 1.268926903977216654e+02
8.348763904998874352e+01 3.624939724464886126e+01 1.024847030739202225e+01
7.517826667703391763e+01 1.708877186771788388e+02 2.160662242790100720e+02
7.570694391555267089e+01 2.131493920164456597e+02 1.931029152694299000e+02
-4.072883908937824060e+01 -4.546361915055901193e+01 3.893749919677680538e+01
7.872935329802136550e+01 2.253531681090275640e+02 1.028703026320238507e+02
-4.457527412300147063e+01 2.306150255875036805e+02 3.192661277396542800e+02
-4.036489272776647397e+01 -7.509754004936523586e+01 3.574502615602420406e+02
-1.875242739705752371e+01 -2.291997498717773496e+01 1.969931324259984819e+02
2.044219285818719456e+01 1.022332753015754889e+02 5.966377303593204395e+00
-1.080296214826583068e+01 1.346727473592346200e+02 2.473353063869298651e+01
-5.809823236159329696e+01 -4.554709898547817204e+01 1.505638226202716794e+02
-7.837746796073574274e+01 1.650006398826953387e+02 2.588375301261285699e+02
-5.935238080633317281e+01 1.673845404664253067e+02 1.347368491087369762e+02
8.750069079370315706e+01 3.834951220395471694e+01 2.233055952788292871e+02
5.722537210895062287e+01 6.679088947744905802e+00 2.909710070092369278e+02
-4.607187464504963970e+01 2.372153044696594293e+02 7.443149621002123695e+01
8.547528273463144899e+01 -2.165871383933024674e+01 1.856609003561472662e+02
3.060453633750694280e+01 3.589593621460569750e+01 2.962121902625800658e+02
4.082126543030159382e+01 2.385141095622289527e+02 2.034984876923986690e+02
6.289654545557537091e+01 1.345863927895660197e+02 4.172952070084171794e+01
-2.276778106580267647e+01 1.844787790797453511e+02 2.992252957547339065e+02
8.710369214831932538e+01 5.731066413420688122e+01 2.315038372433361928e+02
-5.206276375258342526e+00 1.927793321278359144e+02 1.986154768552279037e+01
2.433864702341105257e+01 8.337198396234599684e+00 2.318346323897911532e+02
-7.308420633757033613e+01 2.363752515097573621e+02 3.307219183117384205e+02
-4.255314267544967777e+01 1.659334375909902803e+02 7.310328820485136703e+01
-6.974739145538914897e+01 1.340447333399965260e+02 3.003656589495074769e+01
-5.388314189991509551e+01 1.628992161488298223e+02 1.001070198507239581e+02
-4.068713442332649066e+01 -5.756921172549100163e+01 1.828055816613048634e+01
8.481635404873649975e+01 -4.289370298392056213e+01 2.377056390531070633e+02
-2.060522073365264717e+01 2.490645933645697596e+02 1.848192799826013015e+02
-2.593894793150189670e+01 -7.233968605412803754e+01 3.031797504091017572e+02
7.962137520546961866e+01 1.648831140258049572e+02 2.956736349514126800e+02
-6.570121176757641024e+01 1.316526767169704897e+02 2.331280709739997405e+02
2.644159692372177162e+01 1.461827579946368587e+02 8.597186428657501267e+01
4.779482016820119128e+01 2.285745901472172363e+02 2.122436426211253888e+02
-9.251039097126781741e+00 -2.215792831084104009e+01 2.049616160781594090e+02
-8.799519004487153495e+01 1.881399763704077941e+02 1.642997314253516095e+02
-8.629688220713559232e+00 -2.968338741453501939e+01 2.993000982926700999e+02
7.564815940380402992e+01 1.572767239181739818e+01 2.751750400422970415e+02
-2.272234984297954341e+01 1.666370294455400938e+02 1.587315277354604426e+01
1.051589416522385179e+01 1.424000875218443980e+02 2.736686622639960547e+02
1.119798704646939846e+01 -3.778296349240474683e+01 1.813811482987098032e+02
-5.638262898726694061e+01 1.299227716475444936e+02 8.037541401951597209e+01
7.676815978646124528e+00 1.685153686759462630e+02 4.853982500116219256e+01
-2.427674715326048727e+01 6.228495411013849292e+01 1.406338374303592218e+02
2.226133647009293171e+01 -4.858190582198463403e+01 2.062693995373279279e+02
-3.604322546399594263e+00 4.692558053974811827e+01 5.649891592062389378e+01
-8.152811409412191779e+01 -2.510520368524165136e+01 1.788423976489667950e+02
-4.027934181128155444e+01 2.183659260711453953e+02 1.326913602176465190e+02
-6.467936832256195601e+01 1.132350123850942936e+01 1.091191499172952106e+01
-1.438363953136182705e+00 1.567171464143794992e+02 3.289321523967898031e+01
-8.986542488122276495e+01 1.544176376481684088e+02 1.066598662239288871e+02
7.227822331930019573e+01 1.307885259410874523e+00 3.177605663755015826e+02
7.614691765084805297e+01 1.465031534695010862e+02 5.246413880056845613e+01
-7.341100394706779753e+01 1.210689864615420390e+02 2.027048809361704684e+02
1.477808837558432131e+01 1.708452669591212896e+02 1.591314922655256794e+02
8.006884456397163774e+01 -3.516390320034738437e+01 6.383937138140526457e+01
-3.276340069512038600e+00 3.035919726128433638e+01 1.873293753257037508e+02
3.596818439860254557e+01 -2.272731948799126300e+01 2.796226504552088841e+02
1.947727138282466086e+01 -1.408040835191357409e+01 2.684331578716676745e+02
-1.881384587180225765e+01 1.664137653726545452e+01 1.580293522388015788e+02
