0.000000000000000000e+00 -9.000000000000000000e+01 0.000000000000000000e+00
9.000000000000000000e+01 -4.502281308223038536e+01 0.000000000000000000e+00
9.000000000000000000e+01 -4.562616446075266202e-02 0.000000000000000000e+00
8.999999914622635799e+01 4.493156075330885812e+01 0.000000000000000000e+00
0.000000000000000000e+00 -7.552248781407008948e+01 0.000000000000000000e+00
6.993306236253526720e+01 -4.322976780799134389e+01 0.000000000000000000e+00
7.552248341661868380e+01 -4.417734348513658454e-02 0.000000000000000000e+00
6.996243060992367191e+01 4.314404716209885748e+01 0.000000000000000000e+00
3.534141185995778311e-01 7.552220637998594555e+01 0.000000000000000000e+00
-6.990356449422971252e+01 4.331547236967381309e+01 0.000000000000000000e+00
-7.552244823693014553e+01 1.325320234517905205e-01 0.000000000000000000e+00
-6.999166988838270242e+01 -4.305831052512386492e+01 0.000000000000000000e+00
0.000000000000000000e+00 -5.999999999999999289e+01 0.000000000000000000e+00
5.075729853806113567e+01 -3.777891343683862857e+01 0.000000000000000000e+00
5.999999213360027284e+01 -3.951341645622104964e-02 0.000000000000000000e+00
5.080196374298645168e+01 3.770821844395300815e+01 0.000000000000000000e+00
1.580532022746764520e-01 5.999987413789358470e+01 0.000000000000000000e+00
-5.071247657488355287e+01 3.784956334952622115e+01 0.000000000000000000e+00
-5.999992920229762916e+01 1.185402243117335691e-01 0.000000000000000000e+00
-5.084647267455465425e+01 -3.763747857144930009e+01 0.000000000000000000e+00
0.000000000000000000e+00 -4.140962210927086318e+01 0.000000000000000000e+00
3.193781320145333780e+01 -2.789763665379365776e+01 0.000000000000000000e+00
4.140961309717869909e+01 -3.017886931607862214e-02 0.000000000000000000e+00
3.197875995192861609e+01 2.784933662927310749e+01 0.000000000000000000e+00
8.047690268162266403e-02 4.140955802333279934e+01 0.000000000000000000e+00
-3.189676463456342859e+01 2.794588126742941725e+01 0.000000000000000000e+00
-4.140954100038567276e+01 9.053656488878504549e-02 0.000000000000000000e+00
-3.201960496372554132e+01 -2.780098135606425558e+01 0.000000000000000000e+00
0.000000000000000000e+00 -0.000000000000000000e+00 0.000000000000000000e+00
