0.000000000000000000e+00 -1.570796326794896558e+00 0.000000000000000000e+00
1.570796326794896558e+00 -7.857963267948966379e-01 0.000000000000000000e+00
1.570796326794896558e+00 -7.963267948965570839e-04 0.000000000000000000e+00
1.570796311893735364e+00 7.842036732051033132e-01 0.000000000000000000e+00
0.000000000000000000e+00 -1.318116071652818189e+00 0.000000000000000000e+00
1.220562194228764774e+00 -7.545017831221008109e-01 0.000000000000000000e+00
1.318115994902812504e+00 -7.710400986001000531e-04 0.000000000000000000e+00
1.221074766841232506e+00 7.530056756143408414e-01 0.000000000000000000e+00
6.168239992596364317e-03 1.318111159701422341e+00 0.000000000000000000e+00
-1.220047359304513135e+00 7.559976099074383615e-01 0.000000000000000000e+00
-1.318115380901417444e+00 2.313120173564084652e-03 0.000000000000000000e+00
-1.221585088521250029e+00 -7.515092890095399492e-01 0.000000000000000000e+00
0.000000000000000000e+00 -1.047197551196597631e+00 0.000000000000000000e+00
8.858819789068711481e-01 -6.593664272987609376e-01 0.000000000000000000e+00
1.047197413902022145e+00 -6.896392158727671735e-04 0.000000000000000000e+00
8.866615337938958952e-01 6.581325669082328522e-01 0.000000000000000000e+00
2.758548773013695145e-03 1.047195354488437369e+00 0.000000000000000000e+00
-8.850996880722147298e-01 6.605995008914058442e-01 0.000000000000000000e+00
-1.047196315543588607e+00 2.068917210292379842e-03 0.000000000000000000e+00
-8.874383611963059248e-01 -6.568979232206021424e-01 0.000000000000000000e+00
0.000000000000000000e+00 -7.227342478134156645e-01 0.000000000000000000e+00
5.574199962522717877e-01 -4.869056131337527460e-01 0.000000000000000000e+00
7.227340905227349621e-01 -5.267206340946612711e-04 0.000000000000000000e+00
5.581346518660579292e-01 4.860626186770751755e-01 0.000000000000000000e+00
1.404586923601369415e-03 7.227331293027922099e-01 0.000000000000000000e+00
-5.567035636068177196e-01 4.877476404880493055e-01 0.000000000000000000e+00
-7.227328321963164548e-01 1.580161150754793046e-03 0.000000000000000000e+00
-5.588475318049301865e-01 -4.852186599488793051e-01 0.000000000000000000e+00
0.000000000000000000e+00 -0.000000000000000000e+00 0.000000000000000000e+00
